Generation = 1, Fitness = 54.9978382240868, In Compliance = 404 out of 602
Generation = 2, Fitness = 54.9978382240868, In Compliance = 404 out of 602
